Before taxes: 9800.000000 
 Profit: 7644.000000 
 Ratio: 1.282051